0 0 22 -1 -320 390 3488 32 0
0 1 22 -1 -320 390 3488 32 0
0 2 22 -1 -320 390 3488 32 0
0 3 22 -1 -320 390 3488 32 0
0 4 22 -1 -320 390 3488 32 0
0 5 22 -1 -320 390 3488 32 0
0 6 22 -1 -320 390 3488 32 0
0 0 35 -1 55 338 0 0 4
0 0 35 -1 180 273 0 0 4
0 0 35 -1 310 338 0 0 4
0 0 35 -1 440 273 0 0 4
0 1 35 -1 565 338 0 0 4
0 1 35 -1 700 273 0 0 4
0 1 35 -1 820 338 0 0 4
0 1 35 -1 950 273 0 0 4
0 2 35 -1 1080 338 0 0 4
0 2 35 -1 1205 273 0 0 4
0 2 35 -1 1335 148 0 0 4
0 3 35 -1 1715 148 0 0 4
0 3 35 -1 1850 338 0 0 4
0 3 35 -1 1975 148 0 0 4
0 4 35 -1 2100 338 0 0 4
0 4 35 -1 2230 338 0 0 4
0 4 35 -1 2355 338 0 0 4
0 4 35 -1 2480 338 0 0 4
0 5 35 -1 2605 338 0 0 4
0 5 35 -1 2735 268 0 0 4
0 5 35 -1 2870 148 0 0 4
0 2 22 -1 1376 265 96 32 0
0 2 22 -1 1505 200 320 32 0
0 3 22 -1 1505 200 320 32 0
0 3 22 -1 1855 265 160 32 0
0 5 22 -1 2785 200 544 32 0
0 6 22 -1 2785 200 544 32 0
0 6 22 -1 3200 390 384 32 0
0 6 22 -1 3328 265 128 32 0
0 6 24 -1 3585 358 32 32 5
0 6 23 -1 3585 326 32 32 0
0 6 23 -1 3585 390 128 32 0
0 7 23 -1 3585 390 128 32 0
0 6 42 -1 3190 431 40 10 0
1 5 22 -1 2912 654 590 32 0
1 6 22 -1 2912 654 590 32 0
1 6 22 -1 3265 590 64 32 0
1 6 34 -1 3260 575 0 0 0
1 6 22 -1 3584 654 64 32 0
1 7 22 -1 3584 654 64 32 0
1 7 22 -1 3713 654 288 32 0
1 7 25 -1 4000 654 288 32 0
1 8 25 -1 4000 654 288 32 0
1 7 22 -1 4079 460 16 224 0
1 7 22 -1 4032 720 64 32 0
1 7 22 -1 3967 780 64 32 0
1 7 22 -1 4001 654 32 32 0
0 7 22 -1 3713 233 64 32 0
0 7 22 -1 3713 394 96 32 0
0 2 34 1 1236 380 0 0 0
0 2 33 -1 1385 195 0 0 0
0 4 34 1 2580 385 0 0 0
0 5 33 -1 2793 130 0 0 0
0 6 34 -1 3543 380 0 0 0
0 6 33 1 3393 195 0 0 0
0 2 34 1 1428 260 0 0 0
0 2 33 -1 1515 129 0 0 0
0 3 34 -1 1883 254 0 0 0
0 3 33 1 1795 129 0 0 0
0 5 20 -1 3054 105 0 0 0
1 7 42 -1 3985 717 40 40 0
1 6 42 -1 3460 778 504 30 0
1 7 42 -1 3460 778 504 30 0
0 6 42 -1 3180 108 100 100 0
0 6 33 1 3142 323 0 0 0
0 3 35 -1 1595 99 0 0 0
0 3 25 -1 2015 265 32 32 8
1 7 42 -1 3807 468 30 20 0
1 7 34 -1 3958 640 0 0 0
0 7 33 1 3778 323 0 0 0
0 7 22 -1 3840 394 1792 32 0
0 8 22 -1 3840 394 1792 32 0
0 9 22 -1 3840 394 1792 32 0
0 10 22 -1 3840 394 1792 32 0
0 7 22 -1 3776 263 128 32 0
0 7 34 -1 3999 380 0 0 0
0 7 33 1 3843 216 0 0 0
0 7 22 -1 3903 202 416 32 0
0 8 22 -1 3903 202 416 32 0
0 7 22 -1 4030 76 64 32 0
0 7 22 -1 4078 235 16 160 0
0 7 20 -1 4067 105 0 0 0
0 8 42 -1 4195 110 100 100 0
0 1 141 -1 1000 325 0 0 6
0 2 141 -1 1070 325 0 0 4
0 2 141 -1 1140 325 0 0 7
0 2 142 -1 1430 230 0 0 0
0 3 142 -1 1770 165 0 0 0
0 3 142 -1 1980 230 0 0 0
0 6 143 -1 3474 100 0 0 0
0 6 143 -1 3513 200 0 0 0
1 6 144 -1 3260 710 0 0 2
1 6 144 -1 3540 710 0 0 2
0 10 150 -1 5276 95 0 0 0
0 8 22 -1 4350 265 352 32 2
0 9 22 -1 4350 265 352 32 2
0 10 22 -1 5537 265 96 32 2
0 10 22 -1 5440 328 32 32 0
0 10 25 -1 5472 328 32 32 12
0 0 141 1 -60 325 0 0 6
0 3 141 -1 2000 325 0 0 4
0 3 141 -1 2070 325 0 0 7
0 5 141 -1 2900 325 0 0 4
0 5 141 -1 2950 325 0 0 0
0 5 141 -1 3000 325 0 0 0
0 8 141 -1 4540 200 0 0 11
0 8 141 -1 4590 200 0 0 4
0 8 141 -1 4640 200 0 0 7
0 9 141 -1 4900 330 0 0 4
0 9 141 -1 4950 325 0 0 0
0 9 141 -1 5020 325 0 0 0
1 6 36 -1 3360 630 0 0 0
0 10 20 -1 5610 170 0 0 0
0 8 33 1 4292 132 0 0 0
0 8 34 -1 4380 250 0 0 0
0 8 33 1 4673 195 0 0 0
0 9 34 -1 4828 380 0 0 0
0 10 33 -1 5545 195 0 0 0
0 10 34 1 5458 317 0 0 0
0 0 37 -1 160 340 0 0 0
0 6 38 -1 3200 160 0 0 0
0 8 37 -1 4200 160 0 0 0
0 2 39 -1 1379 220 10 50 0
0 2 39 -1 1504 120 10 50 0
0 3 39 -1 1859 220 10 50 0
0 5 40 -1 3055 230 16 160 0
0 5 40 -1 3075 230 16 160 0
0 6 40 -1 3584 230 128 96 0
0 7 40 -1 3584 230 128 96 0
0 6 40 -1 3616 328 96 64 0
0 7 40 -1 3616 328 96 64 0
0 7 40 -1 4079 230 16 290 0
1 7 40 -1 4079 230 16 290 0
1 7 40 -1 4079 460 16 230 0
0 10 40 -1 5615 70 16 96 0
0 10 40 -1 5615 295 16 96 0
0 8 30 -1 4325 240 10 50 0
0 9 28 -1 4725 200 10 50 0
0 9 29 -1 4800 380 50 10 0
0 5 27 -1 2965 160 10 10 0
0 7 27 -1 4000 160 10 10 0
